1 0.058094 0.214919 0.095287 0.230914
1 0.183299 0.215054 0.105123 0.236022
1 0.307172 0.220027 0.090164 0.245968
3 0.301127 0.117070 0.067828 0.033602
3 0.305328 0.308199 0.076230 0.039516
2 0.304303 0.182661 0.075410 0.078763
2 0.191598 0.193952 0.078279 0.052957
2 0.202766 0.266667 0.031352 0.058602
3 0.185143 0.124194 0.089549 0.034409
3 0.182275 0.300672 0.083811 0.041129
3 0.059016 0.122177 0.084426 0.031989
3 0.058094 0.303629 0.080123 0.031989
0 0.931250 0.718280 0.088320 0.194086
0 0.800615 0.719892 0.090984 0.205914
0 0.681762 0.714919 0.086475 0.202419
1 0.551127 0.711828 0.099385 0.240323
1 0.427971 0.705108 0.097336 0.231720
0 0.311680 0.713172 0.088934 0.207527
0 0.187398 0.710215 0.089139 0.203226
0 0.063832 0.709677 0.086270 0.222581
1 0.926434 0.223387 0.099180 0.252688
3 0.897848 0.318280 0.024385 0.046237
2 0.898873 0.246505 0.022336 0.026882
2 0.955840 0.170027 0.022336 0.063710
1 0.800615 0.222581 0.094672 0.237634
3 0.806352 0.127688 0.063934 0.034409
3 0.808607 0.314919 0.059426 0.039516
1 0.679201 0.222581 0.092828 0.237634
2 0.651025 0.185081 0.022541 0.033602
2 0.553074 0.220833 0.085246 0.242742
2 0.538320 0.186962 0.032787 0.033602
2 0.559119 0.246102 0.026844 0.030914
1 0.429201 0.221774 0.096107 0.236022
3 0.429098 0.306989 0.072951 0.040323
