1 0.929611 0.790860 0.094057 0.268817
3 0.933094 0.881989 0.064139 0.049462
1 0.805328 0.786694 0.095492 0.260484
3 0.813422 0.875269 0.067828 0.054839
2 0.825512 0.790054 0.028074 0.028495
1 0.683709 0.783737 0.100615 0.244355
3 0.688525 0.868952 0.059016 0.042204
2 0.675102 0.750941 0.024385 0.036290
1 0.559836 0.776210 0.092213 0.242742
3 0.578689 0.682527 0.044262 0.038710
2 0.596004 0.800403 0.009631 0.027688
3 0.561988 0.863441 0.062090 0.046237
1 0.435861 0.770699 0.094262 0.245161
2 0.451947 0.694624 0.042828 0.036022
1 0.312602 0.763575 0.093648 0.230914
3 0.312602 0.670699 0.075615 0.028495
3 0.311578 0.852285 0.071107 0.033602
2 0.300410 0.763575 0.028279 0.051344
1 0.186168 0.756855 0.090369 0.224462
3 0.190881 0.846237 0.065369 0.030108
3 0.187090 0.666801 0.078279 0.024462
1 0.066086 0.750538 0.090779 0.241935
3 0.066086 0.659409 0.080533 0.036022
3 0.072439 0.843817 0.066598 0.037097
0 0.949488 0.308333 0.078893 0.182258
1 0.823053 0.295161 0.096107 0.245161
3 0.821107 0.386425 0.059016 0.042742
1 0.697848 0.291398 0.094057 0.239247
3 0.696824 0.378898 0.064139 0.041129
1 0.573566 0.286022 0.095492 0.238710
3 0.575820 0.378763 0.052459 0.043011
1 0.452869 0.283468 0.094672 0.238441
3 0.452254 0.370296 0.063934 0.041129
1 0.327357 0.274194 0.093648 0.240323
0 0.209836 0.282258 0.075000 0.192473
0 0.089139 0.272581 0.078279 0.188172
