0 0.927357 0.819892 0.079303 0.192473
1 0.795492 0.801344 0.104918 0.247849
2 0.773668 0.719892 0.033402 0.036022
4 0.669365 0.803763 0.106352 0.236022
0 0.554303 0.807661 0.077459 0.191667
0 0.430430 0.803898 0.087090 0.192204
0 0.307787 0.805914 0.085246 0.189785
1 0.174590 0.792204 0.096721 0.247849
0 0.060041 0.802688 0.085246 0.201613
1 0.919672 0.314113 0.093443 0.256183
3 0.919057 0.224194 0.083197 0.032796
3 0.920697 0.405242 0.076230 0.035215
2 0.928074 0.325806 0.029508 0.034409
1 0.798566 0.315726 0.102459 0.252957
3 0.796414 0.219624 0.086270 0.028495
3 0.799898 0.407392 0.085861 0.039516
1 0.673463 0.309946 0.094057 0.237634
3 0.674693 0.223387 0.083811 0.025806
3 0.675615 0.402688 0.081967 0.030108
2 0.698770 0.250269 0.029508 0.047849
4 0.552049 0.310349 0.103689 0.245430
3 0.549898 0.220833 0.091598 0.030914
0 0.436885 0.319489 0.083197 0.183065
0 0.310656 0.324597 0.080738 0.191667
1 0.178791 0.310753 0.098566 0.251075
3 0.178791 0.219220 0.085861 0.029301
2 0.173975 0.361559 0.029918 0.043548
0 0.068238 0.320833 0.076230 0.188978
