0 0.089139 0.283871 0.079508 0.202688
1 0.205430 0.275000 0.091598 0.241935
3 0.204713 0.185215 0.082787 0.026882
1 0.326639 0.278898 0.090984 0.244355
1 0.451844 0.279167 0.087705 0.247043
1 0.578279 0.281317 0.092213 0.229301
3 0.586373 0.375134 0.067418 0.033602
3 0.609119 0.198522 0.023156 0.048656
0 0.705123 0.289785 0.083197 0.190860
1 0.822746 0.280511 0.087705 0.237903
2 0.812398 0.345161 0.059631 0.074731
3 0.823361 0.193548 0.076230 0.031720
1 0.946004 0.289247 0.096107 0.240323
3 0.947541 0.195296 0.082787 0.030376
0 0.949180 0.782796 0.080738 0.195699
0 0.828074 0.784543 0.083197 0.193817
0 0.706455 0.779032 0.083402 0.200000
0 0.577459 0.776075 0.086475 0.197312
1 0.446824 0.775672 0.092828 0.245430
3 0.445799 0.861828 0.078074 0.044624
1 0.323566 0.763978 0.092213 0.237097
3 0.323156 0.857661 0.073770 0.037903
0 0.204713 0.767742 0.076230 0.207527
1 0.076947 0.765323 0.094877 0.234409
2 0.477561 0.732930 0.022336 0.031989
