1 0.914959 0.761022 0.097951 0.256452
2 0.936988 0.781989 0.029303 0.056452
3 0.920287 0.855914 0.062705 0.046237
1 0.792930 0.760215 0.098566 0.247849
3 0.796107 0.848790 0.061475 0.043817
1 0.672234 0.756452 0.092828 0.245161
3 0.695902 0.658871 0.037705 0.040323
3 0.674385 0.842473 0.063934 0.043011
2 0.708402 0.782796 0.012705 0.020968
2 0.633094 0.726478 0.010861 0.052957
1 0.544672 0.742608 0.096721 0.254570
2 0.567111 0.670699 0.041598 0.048925
1 0.421107 0.738710 0.099180 0.240323
3 0.414754 0.644758 0.077459 0.031989
3 0.415676 0.829435 0.078074 0.023387
2 0.412500 0.740457 0.028279 0.062097
1 0.297848 0.735484 0.089549 0.243548
3 0.297643 0.641398 0.082582 0.026882
3 0.302049 0.824462 0.069672 0.041935
1 0.177766 0.724866 0.092828 0.237903
3 0.178074 0.633333 0.081967 0.029570
1 0.054918 0.724597 0.096721 0.235215
1 0.932172 0.271774 0.096721 0.253763
1 0.809836 0.260349 0.097951 0.254570
1 0.686885 0.260753 0.095492 0.263978
1 0.566189 0.257796 0.095902 0.259677
1 0.439344 0.250269 0.092213 0.249462
0 0.321926 0.259140 0.075000 0.186559
0 0.200615 0.252016 0.080738 0.199194
0 0.074078 0.248656 0.074795 0.195699
