1 0.918955 0.784140 0.097336 0.238710
3 0.917725 0.869355 0.079303 0.046237
1 0.795389 0.772715 0.096107 0.239516
3 0.818135 0.684140 0.040369 0.045161
3 0.794160 0.860887 0.073156 0.039516
2 0.930533 0.742473 0.018033 0.036022
1 0.671209 0.764785 0.097336 0.237097
3 0.671926 0.847581 0.083197 0.043011
3 0.705738 0.678763 0.021721 0.049462
0 0.558811 0.760484 0.076230 0.188172
1 0.426537 0.737903 0.098566 0.246774
3 0.454098 0.826478 0.030738 0.056183
2 0.396516 0.793817 0.021721 0.034409
1 0.306250 0.733333 0.098566 0.244624
3 0.307480 0.823656 0.049795 0.043548
2 0.316496 0.715726 0.028074 0.037903
2 0.270902 0.669355 0.020492 0.088172
1 0.177459 0.724462 0.093443 0.245161
0 0.063422 0.725000 0.076844 0.195699
1 0.943648 0.295161 0.095492 0.245161
3 0.941701 0.199059 0.074795 0.034677
3 0.943340 0.380511 0.075615 0.039516
1 0.821004 0.283333 0.098566 0.241935
3 0.820082 0.190726 0.076230 0.027688
3 0.824898 0.370833 0.078074 0.043817
0 0.705123 0.282661 0.074180 0.179839
0 0.574898 0.262366 0.092828 0.240323
3 0.578074 0.352285 0.073770 0.050269
4 0.452664 0.261559 0.105738 0.230108
3 0.450615 0.353091 0.086475 0.031989
0 0.334324 0.254435 0.096107 0.199194
1 0.206250 0.229301 0.096107 0.234409
0 0.089857 0.237634 0.076844 0.195699
