0 0.928279 0.795027 0.076230 0.206720
0 0.805430 0.781183 0.073566 0.200538
1 0.676332 0.756720 0.101025 0.247849
0 0.561680 0.760618 0.081967 0.203495
0 0.438730 0.750403 0.081967 0.208333
0 0.313627 0.733737 0.080123 0.209946
0 0.192930 0.728226 0.088320 0.219355
1 0.059324 0.698522 0.103074 0.236828
3 0.056148 0.788306 0.087705 0.036828
1 0.951127 0.295161 0.096107 0.243548
3 0.953074 0.386022 0.081967 0.038710
1 0.827459 0.279704 0.106148 0.241129
3 0.825512 0.370296 0.087090 0.041129
2 0.811783 0.330108 0.048156 0.083333
0 0.719877 0.277554 0.081967 0.194892
1 0.582172 0.259946 0.104918 0.253763
3 0.581660 0.342339 0.087090 0.045430
3 0.547951 0.172043 0.027459 0.047849
0 0.467520 0.252419 0.075615 0.191398
4 0.335143 0.245968 0.103074 0.222581
3 0.333094 0.335887 0.080533 0.026075
1 0.210861 0.217070 0.103689 0.225000
3 0.213627 0.305780 0.083811 0.029301
1 0.089857 0.206989 0.107582 0.252151
3 0.059016 0.108737 0.029508 0.031989
