4 0.074795 0.201075 0.106967 0.258602
1 0.199590 0.198253 0.100410 0.268011
3 0.201230 0.280108 0.081967 0.040323
0 0.329918 0.209005 0.080738 0.188978
0 0.936680 0.722043 0.073770 0.200000
0 0.814037 0.716129 0.078074 0.201613
0 0.686885 0.714382 0.079918 0.211559
0 0.565881 0.705108 0.073566 0.203226
0 0.442316 0.701747 0.080123 0.194892
0 0.316496 0.699731 0.084631 0.198925
0 0.194467 0.697984 0.087705 0.214247
0 0.072131 0.692070 0.084016 0.214247
1 0.938525 0.219624 0.095492 0.255376
0 0.824283 0.223387 0.076844 0.207527
0 0.697848 0.225134 0.073566 0.187366
0 0.575820 0.217876 0.080738 0.193280
0 0.455738 0.211694 0.079918 0.188978
3 0.969262 0.307392 0.025000 0.039516
