1 0.071516 0.282661 0.088934 0.238441
2 0.102254 0.224194 0.018443 0.064516
1 0.933811 0.785753 0.092213 0.245161
2 0.946311 0.765591 0.046721 0.067204
2 0.942828 0.819355 0.040984 0.041935
1 0.808299 0.779032 0.096107 0.240323
3 0.814652 0.870296 0.062910 0.037903
1 0.685656 0.771909 0.096721 0.232527
3 0.695902 0.863575 0.067213 0.029301
1 0.561373 0.776882 0.091598 0.236022
3 0.542828 0.679032 0.045492 0.026882
3 0.566598 0.865188 0.056967 0.041129
1 0.437193 0.771909 0.090369 0.230914
3 0.451639 0.682527 0.039754 0.037097
1 0.314857 0.768952 0.090369 0.238441
3 0.317725 0.862634 0.057582 0.037634
3 0.444877 0.863038 0.053279 0.035215
1 0.189037 0.771505 0.093648 0.241935
3 0.195082 0.860484 0.049180 0.041935
1 0.068955 0.771505 0.095287 0.243548
3 0.071209 0.856855 0.067828 0.042742
1 0.935963 0.288038 0.091598 0.237903
3 0.946311 0.378763 0.058197 0.037634
2 0.913627 0.344758 0.019877 0.025000
1 0.815369 0.290591 0.092213 0.247849
3 0.830020 0.382124 0.039549 0.044355
1 0.689857 0.288978 0.098566 0.249462
3 0.699078 0.379973 0.064549 0.033602
1 0.568135 0.285887 0.096107 0.250269
3 0.567828 0.189785 0.064754 0.037634
3 0.585758 0.379570 0.044057 0.032796
1 0.443955 0.285081 0.097336 0.236828
3 0.452254 0.191398 0.052459 0.032796
3 0.455123 0.377151 0.055738 0.036022
1 0.319672 0.280914 0.092213 0.245161
1 0.195799 0.275806 0.094057 0.240323
3 0.223668 0.364113 0.026844 0.045430
